"(3, 1, 3)",4,120,5.0199596714553945,5.940022034050106
"(3, 1, 3)",4,120,5.0199596714553945,5.940022034050106
"(3, 1, 3)",4,120,5.0199596714553945,5.940022034050106
"(3, 1, 3)",4,120,5.0199596714553945,5.940022034050106
"(3, 1, 3)",4,120,5.0199596714553945,5.940022034050106
"(3, 1, 3)",4,120,5.0199596714553945,5.940022034050106
"(3, 1, 3)",4,120,5.0199596714553945,5.940022034050106
"(3, 1, 3)",4,120,5.0199596714553945,5.940022034050106
"(3, 1, 3)",4,120,5.0199596714553945,5.940022034050106
"(3, 1, 3)",4,120,5.0199596714553945,5.940022034050106
"(3, 1, 3)",4,120,5.0199596714553945,5.940022034050106
"(3, 1, 3)",4,120,5.0199596714553945,5.940022034050106
"(3, 1, 3)",4,120,5.0199596714553945,5.940022034050106
"(3, 1, 3)",4,120,5.0199596714553945,5.940022034050106
"(3, 1, 3)",4,120,5.0199596714553945,5.940022034050106
"(3, 1, 3)",4,120,5.0199596714553945,5.940022034050106
"(3, 1, 3)",4,120,5.0199596714553945,5.940022034050106
"(3, 1, 3)",4,120,5.0199596714553945,5.940022034050106
"(3, 1, 3)",4,120,5.0199596714553945,5.940022034050106
"(3, 1, 3)",4,120,5.0199596714553945,5.940022034050106
"(3, 1, 3)",4,120,5.0199596714553945,5.940022034050106
"(3, 1, 3)",4,120,5.0199596714553945,5.940022034050106
"(3, 1, 3)",4,120,5.0199596714553945,5.940022034050106
"(3, 1, 3)",4,120,5.0199596714553945,5.940022034050106
"(3, 1, 3)",4,120,5.0199596714553945,5.940022034050106
"(3, 1, 3)",4,120,5.0199596714553945,5.940022034050106
"(3, 1, 3)",4,120,5.0199596714553945,5.940022034050106
"(3, 1, 3)",4,120,5.0199596714553945,5.940022034050106
"(3, 1, 3)",4,120,5.0199596714553945,5.940022034050106
"(3, 1, 3)",4,120,5.0199596714553945,5.940022034050106
"(3, 1, 3)",4,120,24.407195193287496,26.64156361943774
"(3, 1, 3)",4,96,24.403179492305405,26.644600706996144
"(0, 1, 0)",4,96,27.11996154509235,29.616421390622993
"(0, 1, 1)",4,96,29.34099481978319,32.11849995593467
"(0, 1, 2)",4,96,28.54427711456713,31.051228135160827
"(1, 1, 0)",4,96,25.12811648717604,27.58676327161555
"(1, 1, 1)",4,96,29.263131784558254,31.86318174581203
"(1, 1, 2)",4,96,36.752007383981876,39.86238736890901
"(2, 1, 0)",4,96,29.45279076590849,32.15153145832863
"(2, 1, 1)",4,96,29.09162235277333,31.826315630233598
"(3, 1, 3)",4,96,24.403179492305405,26.644600706996144
"(2, 1, 2)",4,96,21.91651631201068,23.988283418924315
"(1, 1, 1)",4,96,29.263131784558254,31.86318174581203
"(2, 1, 2)",6,96,15.4606459128519,17.161388483115722
"(2, 1, 2)",12,96,28.769161616556183,31.573785314126045
"(2, 1, 2)",5,96,25.30502391852235,29.227029560848568
"(2, 1, 2)",3,96,13.280361347301733,15.77115570434995
"(2, 1, 2)",2,96,21.458363573392553,24.02989530987706
"(2, 1, 2)",1,96,13.83641583095058,16.294020520462176
"(2, 1, 2)",1,120,13.835511530786357,17.10103390599247
"(2, 1, 2)",6,120,15.62877062206422,17.331231111195287
"(2, 1, 2)",6,120,15.62877062206422,17.331231111195287
"(2, 1, 2)",3,120,12.92982181334587,15.345673926955278
"(3, 1, 2)",3,120,13.121388825743448,15.513389413809879
"(3, 1, 3)",4,120,23.903080644572114,26.152886035095747
"(2, 1, 2)",2,120,21.64039989588123,24.177764713683917
"(2, 1, 2)",2,120,21.64039989588123,24.177764713683917
"(2, 1, 2)",12,120,28.81216175202312,31.627240945364175
"(1, 1, 1)",12,120,28.09563093420898,30.505609201277874
"(1, 1, 1)",12,36,25.117521752423194,27.661664034424284
"(1, 1, 1)",6,36,15.416547749166599,17.731973170278454
"(5, 1, 2)",6,36,15.155422989955882,17.023282234088487
"(2, 1, 2)",3,36,16.704358067063307,19.220976085774993
"(2, 1, 2)",3,36,14.396313049118659,17.577938895004085
"(2, 1, 2)",24,36,31.301103699078542,36.843331437967535
"(2, 1, 2)",1,36,79.49214414665558,83.88781713196225
"(1, 1, 1)",2,36,11.128002992466634,12.130378978415921
"(1, 1, 1)",2,48,20.04138242308113,21.986150497834128
"(1, 1, 1)",2,120,19.959636053966904,21.884327519477694
"(1, 1, 1)",4,120,29.263409087122405,31.863813633246693
"(1, 1, 1)",1,120,14.127169449873282,17.425876978985848
"(1, 1, 1)",6,120,16.145653730435523,19.087029842838312
"(1, 1, 1)",6,120,21.909036461382815,24.85803204973946
"(1, 1, 1)",6,120,51.787226289983764,55.847266261726304
"(1, 1, 1)",6,120,56.7159006266586,60.77596541965156
"(1, 1, 1)",6,120,55.13896824546046,64.63934207667998
"(1, 1, 1)",6,120,14.11157379018941,17.109191246573396
"(1, 1, 1)",6,120,14.010085045764642,17.48715092604841
"(1, 1, 1)",6,120,4.842217162216979e-14,6.471907938172434e-14
"(1, 1, 1)",6,120,2.0210993372731737e-13,2.6254850544756925e-13
"(1, 1, 1)",6,120,13.63031548905133,16.188452436543514
"(1, 1, 1)",6,120,2.0210993372731737e-13,2.6254850544756925e-13
"(1, 1, 1)",6,120,9.582356171709788,10.760848094156342
"(1, 1, 1)",6,120,5.8899194003083,7.274842871631091
"(1, 1, 1)",6,120,5.448685961101193,6.753871844570603
"(1, 1, 1)",6,120,9.582356171709788,10.760848094156342
"(1, 1, 1)",6,120,8.174965308139438,9.365462496365486
"(1, 1, 1)",6,120,5.448685961101193,6.753871844570603
"(3, 1, 2)",6,120,18.23080957831345,20.903854884942646
"(1, 1, 1)",6,120,5.448685961101193,6.753871844570603
"(1, 1, 1)",3,120,3.8202251644149956,4.310558942259829
"(1, 1, 1)",2,120,2.6134959337216515,3.1307138765254643
"(1, 1, 1)",1,120,30.26999612180622,36.9737068779645
"(1, 1, 1)",1,120,30.26999612180622,36.9737068779645
"(1, 1, 1)",2,120,2.6134959337216515,3.1307138765254643
"(1, 1, 1)",2,120,2.6134959337216515,3.1307138765254643
"(1, 1, 1)",2,120,2.6134959337216515,3.1307138765254643
"(1, 1, 1)",2,120,2.6134959337216515,3.1307138765254643
"(1, 1, 1)",2,120,2.6134959337216515,3.1307138765254643
"(1, 1, 1)",2,120,2.6134959337216515,3.1307138765254643
